function  etimes   = exposure_times()
etimes=[66,1/800;
    67,1/640;
    68,1/500;
    69,1/400;
    70,1/320;
    71,1/250;
    72,1/160;
    73,1/100;
    74,1/60;
    75,1/40;
    76,1/25;
    77,1/20;
    78,1/15;
    79,1/13;
    80,1/10;
    81,1/8;
    83,1/6;
    84,1/5;
    85,1/4;
    86,1/3;
    87,1/2;
    88,0.6;
    89,0.8;
    90,1];
end